  -2.1979500e+00  -9.4310506e-02   9.2208926e-01
   4.9506327e-02  -1.0768608e+00   7.4059901e-02
  -6.4328027e-01  -2.7638850e+00  -6.1968416e-01
  -1.1486909e+00  -2.0764359e+00  -1.0219290e+00
  -7.6588907e-01  -2.7144399e+00  -5.4098733e-01
  -1.5140760e+00   2.0830947e+00  -9.0111640e-01
  -6.2053576e-01   8.0686845e-01   2.1801783e-01
  -1.8240774e+00   2.0107895e+00  -8.3204958e-01
  -4.9631027e-01  -2.8856513e+00  -5.6730095e-01
   1.0413570e+00  -8.5602842e-01  -7.1262422e-01
   2.5017323e+00   1.6850439e+00   1.5154592e-01
  -2.5929115e-01   1.6061931e+00  -9.1427255e-01
  -5.5636158e-01  -2.8865317e+00  -4.4684229e-01
   2.7161988e+00   1.2700904e+00  -2.7573043e-01
  -9.9007891e-01   2.5148192e-01  -5.7885109e-02
   1.2795482e+00  -1.1960074e+00   9.7447345e-01
   2.2686733e+00   1.8419515e+00   4.6351042e-01
  -8.0233157e-01   1.8593193e+00  -9.9043792e-01
   1.0720596e+00   2.0449119e+00   1.0485390e+00
  -2.2771689e+00  -1.6145893e-01   9.4257263e-01
   4.6880805e-01   1.8029218e+00   9.6982726e-01
  -1.4410124e+00   2.0238504e+00  -9.9107721e-01
   2.2337909e+00   1.8137126e+00   3.8280939e-01
   7.8843917e-02   1.4562932e+00   7.2683821e-01
   2.2834032e+00  -5.5130735e-03  -9.6048440e-01
   1.1804753e+00  -2.0655541e+00   9.5209286e-01
   6.1151800e-01   8.8665988e-01  -3.6273120e-01
   8.1654223e-01  -2.5916828e+00   7.9727768e-01
  -1.1526385e+00  -2.1201302e+00  -1.0066175e+00
   1.1336894e+00  -1.0483482e-01   4.2484464e-01
   1.0454985e+00   9.7836071e-03   3.3380538e-01
   6.5228996e-01   8.1650589e-01  -2.1721969e-01
   1.2763248e+00  -3.7343582e-01   4.2153466e-01
  -1.5222694e+00  -5.7058548e-01   8.8235995e-01
   1.9322645e+00   1.9906782e+00   8.0775756e-01
  -6.9529397e-02   1.5178299e+00  -6.6766914e-01
   1.3489163e+00   1.9934144e+00   1.0120510e+00
   2.6956334e+00   6.4636010e-01  -7.8970393e-01
   1.3151244e+00  -1.2717722e+00   9.0869720e-01
  -9.2202055e-01  -2.6628310e+00  -7.9527618e-01
  -6.3379746e-01  -2.6342935e+00  -6.9704090e-01
   8.1951671e-01   3.6691874e-01   4.7365099e-02
  -1.5217138e+00   2.0849282e+00  -9.4539446e-01
  -1.1616693e+00   5.7647445e-03  -3.2166145e-01
   9.0474211e-01   3.2082957e-01   6.3638299e-02
  -1.2197455e+00  -2.0069954e+00  -9.5811231e-01
  -2.6606330e+00   1.3847776e+00   2.8823683e-01
  -2.6296607e+00   1.4924496e+00  -7.4017741e-02
   8.7632828e-01   1.9431263e+00   9.9905589e-01
   1.3561032e+00  -1.0251895e+00   7.7091975e-01
   1.2565464e+00  -1.9638828e+00   1.0649166e+00
   7.0528046e-01  -2.7474758e+00   7.6513491e-01
  -2.6727530e+00   8.6870346e-01   5.5344001e-01
   6.5942113e-01   1.9027748e+00   1.0586316e+00
  -4.7437285e-01   8.3290355e-01   2.2944569e-01
   2.7288309e+00   4.7689851e-01  -7.6852492e-01
  -1.6834898e+00  -5.5418082e-01   9.6113746e-01
   1.1440438e+00  -8.8661581e-02   3.9493898e-01
  -4.4617588e-01  -2.8783348e+00  -2.6272971e-01
   1.1813872e+00  -2.7815216e-01   6.3062376e-01
   7.5045522e-01  -2.7093736e+00   7.5347743e-01
   1.0947325e+00  -3.2628380e-02   2.6144341e-01
   8.0340310e-01  -2.7243326e+00   7.1780974e-01
  -2.9960827e-01   1.6401092e+00  -8.9713941e-01
   3.7224123e-01  -2.9433348e+00   3.7319604e-01
  -2.1806616e-01  -1.0559967e+00   6.2002000e-02
   1.7397210e+00   2.0290468e+00   8.3460994e-01
   2.5793874e+00   2.6415084e-01  -8.0634355e-01
   2.5514619e+00   3.7521044e-01  -9.1483206e-01
   1.8383509e+00  -4.9657325e-01  -9.4558178e-01
  -1.2952479e+00  -1.5725079e+00  -9.1583543e-01
  -8.2346287e-01  -2.5666857e+00  -7.6601994e-01
  -1.2506446e+00  -3.7318238e-01  -5.5046359e-01
  -1.3409080e+00   2.0865351e+00  -9.1647425e-01
   1.2202504e+00  -6.1839063e-01   7.1100387e-01
  -1.6051711e+00   1.9885107e+00  -9.3447797e-01
  -1.8882940e+00  -4.9825122e-01   9.7525678e-01
  -8.5468985e-01  -9.9667264e-01   4.7655347e-01
   2.2910718e+00   1.9788620e+00   4.1506097e-01
   2.6910316e+00   1.0384099e+00  -4.6850245e-01
   4.0204429e-01   1.2427255e+00  -5.2606759e-01
   2.4104794e+00   1.8772490e-02  -9.8988294e-01
   5.2110034e-01  -2.9435536e+00   4.7535561e-01
   5.4343447e-01  -2.8108486e+00   5.9067852e-01
  -2.7437942e+00   1.0677659e+00   5.2011516e-01
  -2.4885452e-01  -3.0440225e+00  -2.7191729e-01
  -1.2981198e+00  -1.2663548e+00  -8.9182276e-01
   7.3249502e-01   6.2377878e-01  -8.7126509e-02
  -8.5585630e-01   1.8334436e+00  -1.0251771e+00
   3.1810321e-01  -2.8868490e+00   4.0838299e-01
  -1.1369734e+00   7.5613469e-02  -1.9729225e-01
   2.7141197e+00   1.3013766e+00  -3.3577115e-01
   1.2301724e+00  -1.8161396e+00   1.0950362e+00
   6.7462771e-01   1.9209734e+00   9.6509652e-01
   1.2676916e+00  -7.9184411e-01  -7.5545402e-01
  -1.0844484e+00   1.9959065e+00  -1.0405596e+00
   1.2020187e+00   1.9786653e+00   9.5115038e-01
  -9.7489655e-01  -2.4141955e+00  -9.3227449e-01
   5.3541104e-01   1.1035936e+00  -3.7013841e-01
  -1.2309512e+00  -2.6956383e-01  -3.8910341e-01
  -6.3395616e-01   1.9067029e+00  -9.4066034e-01
  -1.3072012e+00  -1.3045007e+00  -8.7284071e-01
   5.8860734e-01   9.3864453e-01  -2.4340387e-01
   9.6721071e-02   1.4507860e+00  -7.7271403e-01
  -9.5532790e-01  -2.4259805e+00  -8.9385395e-01
   5.8404661e-01  -9.9917733e-01  -3.4305968e-01
  -8.7123550e-01   5.2406192e-01   8.2506948e-02
  -1.2304850e+00  -2.0590087e+00  -1.0548833e+00
   5.3983125e-01   1.7988627e+00   8.7759450e-01
   2.1375321e+00   1.8566897e+00   5.8150792e-01
  -2.4770530e+00   1.6857941e+00  -2.2296880e-01
  -1.1764913e+00  -2.1146157e+00  -9.4129601e-01
  -2.6373088e+00   4.2935897e-01   8.0726538e-01
  -1.4887091e+00  -1.1893838e+00  -9.6852065e-01
  -1.5229355e+00   1.9523162e+00  -8.9773189e-01
  -1.3928267e+00  -1.3765908e+00  -8.7097489e-01
  -2.3255292e+00   1.7730103e+00  -3.6934909e-01
  -1.1376695e+00   2.0085141e+00  -1.0720336e+00
  -1.3189773e+00  -7.5158761e-01  -8.0514717e-01
   1.9028317e+00   2.1084633e+00   7.2808780e-01
  -1.9689956e+00   2.0887520e+00  -7.2577586e-01
  -1.5153540e+00  -6.6383747e-01   7.8588407e-01
  -8.4997756e-01   6.3850328e-01   1.7421601e-01
   7.6744110e-01   6.6444637e-01  -1.5930956e-01
  -1.0845915e+00  -2.3365153e+00  -1.0025232e+00
  -2.5981334e+00   1.5355297e+00   1.3418048e-02
  -1.4197750e+00   2.1012283e+00  -8.7786285e-01
   2.6127048e+00   1.4355344e+00  -2.9078975e-02
  -2.7708449e+00   9.9973905e-01   4.5084214e-01
  -3.9897328e-01  -9.9042511e-01   1.8228136e-01
   3.4301887e-01  -3.0011471e+00   1.8671643e-01
  -2.5486047e+00   4.7970709e-01   8.2025450e-01
   1.2686875e+00  -1.6830167e+00   1.0375097e+00
   2.6385451e+00   1.2533413e+00  -2.1180963e-01
   2.1890363e+00   1.8640008e+00   4.9022915e-01
  -1.3186579e+00  -1.6048902e+00  -1.0101317e+00
  -9.9092999e-01   2.0921419e+00  -1.0148040e+00
  -2.4716312e+00   1.6222019e+00  -5.4876923e-02
  -2.0005949e+00   2.0169407e+00  -6.8370290e-01
  -7.0622254e-01   8.3892177e-01   2.7267955e-01
   6.3885103e-01  -2.7130153e+00   6.6434156e-01
   2.3647280e+00  -1.9366795e-03  -1.0444676e+00
   2.6225579e+00   4.5757351e-01  -8.7778018e-01
   2.7601876e+00   8.9045594e-01  -4.7113953e-01
   7.1531762e-01   8.5784444e-01  -1.4888779e-01
  -4.2319102e-02  -2.9764115e+00  -5.4267073e-02
   2.2750674e+00   1.7649610e+00   4.4537139e-01
  -5.3562148e-02  -2.9935833e+00  -1.2330531e-01
   2.7285819e+00   1.1379400e+00  -3.1432088e-01
   1.5876552e+00  -5.9504240e-01  -9.0190161e-01
  -2.7736138e+00   1.1798490e+00   3.5049087e-01
   1.0402689e+00  -2.3862465e+00   9.2335934e-01
  -1.9929567e+00  -4.1512601e-01   1.0273556e+00
   3.0022930e-01   1.2223672e+00  -5.5712868e-01
   1.1885018e+00  -1.8411796e+00   1.0317547e+00
  -2.4590392e+00   1.8484707e+00  -2.9202497e-01
  -2.6779275e+00   5.6584968e-01   7.1361388e-01
  -3.5050153e-01  -8.6417096e-01   2.1530488e-01
   7.6362200e-02  -9.2365840e-01   7.0016311e-02
  -2.6937814e+00   9.1152848e-01   5.7452376e-01
   1.3785370e+00  -1.0864138e+00   8.3655360e-01
  -3.5245462e-01  -1.0209978e+00   2.1113619e-01
   4.6187231e-01  -2.8234994e+00   4.8464910e-01
  -4.4412372e-01  -2.9606178e+00  -3.5430549e-01
  -2.1263081e+00   1.8918597e+00  -5.7378563e-01
   1.6794794e+00   2.1059227e+00   9.1312791e-01
   4.6112895e-04  -2.9775576e+00  -1.2874568e-02
  -2.5174799e+00   2.1861624e-01   1.0240149e+00
   1.2027535e+00  -2.0491825e+00   1.0092630e+00
  -2.7440642e+00   1.2750476e+00   3.0383901e-01
  -7.8414543e-01   1.8826500e+00  -1.0785807e+00
   1.2859315e+00  -1.7594455e+00   9.7628636e-01
   1.0429415e+00   1.9852730e+00   1.0099059e+00
   8.8575124e-01   5.5251466e-01  -3.7037807e-02
   2.3050661e+00  -9.1654197e-02  -1.0637938e+00
   1.3085527e+00  -6.6432221e-01   7.2505088e-01
   9.9840908e-01   3.4233294e-01   1.3828527e-01
  -5.6879022e-01   1.8270069e+00  -9.1357539e-01
  -2.5616437e+00   5.5653724e-01   9.0281404e-01
  -4.4514962e-01  -9.6254603e-01   2.8389622e-01
